url_path,views_total,views_unique
/NBICLAB/DDN,15,6
/NBICLAB/DDN/blob/main/ddn.py,13,6
/NBICLAB/DDN/blob/main/toy2d_example.ipynb,12,4
/nbiclab/ddn,2,2
/NBICLAB/DDN/blob/main/base.py,1,1
/NBICLAB/DDN/blob/main/README.md,1,1
/NBICLAB/DDN/blob/main/toy.py,1,1
/NBICLAB/DDN/blob/main/uci.py,1,1
/NBICLAB/DDN/commit/8839a0154ed6589832aeedb22ebb55b0b8dbd3be,1,1
